F0
A1
F1
A2
F2
D0
F3
D1
F0
A0
F2
C0
F0
D0
F1
00
A6
25
F1
01
B6
34
F0
D1
F1
02
A6
43
F1
03
B6
48
F0
08
F2
90
F8
F0
D1
F1
02
A6
4D
F1
03
B6
52
F0
09
F2
90
F8
F0
D1
F1
02
A6
57
F1
03
B6
5C
F0
07
F2
90
F8
F0
11
F2
90
F8
F0
05
F2
90
F8
F0
12
F2
90
F8
F0
06
F2
90
F8
F0
10
F2
90
F8
F0
04
F2
90
F8
00
00
00
00
00
00
00
00
00
00
00
00
00
00
00
00
00
00
00
00
00
00
00
00
00
00
00
00
00
00
00
00
00
00
00
00
00
00
00
00
00
00
00
00
00
00
00
00
00
00
00
00
00
00
00
00
00
00
00
00
00
00
00
00
00
00
00
00
00
00
00
00
00
00
00
00
00
00
00
00
00
00
00
00
00
00
00
00
00
00
00
00
00
00
00
00
00
00
00
00
00
00
00
00
00
00
00
00
00
00
00
00
00
00
00
00
00
00
00
00
00
00
00
00
00
00
00
00
00
00
00
00
00
00
00
00
00
00
00
00
00
00
00
00
00
00
00
00
00
00
00
00
00
00
00
00
00
00
00